5 18 9 7 8 9 9 9 9 10 616 382 648 446 648 382 680 382 0 0 0 0 0 0 0 0 0 0 0 0
0 1 0 0 0 0 0 0 0 0
0 0 0 0 0 0 0 0 0 0 0 0 0 0 1 0 0 8 13 616 254 5
1 1 1 1 1 1 1 1 1 1 1 1 1 1 1 1 1 1 1 
1 0 0 0 0 0 0 0 0 1 0 0 0 0 0 0 0 0 1 
1 0 1 1 0 1 1 1 0 1 0 1 1 1 0 1 1 0 1 
1 0 0 0 0 0 0 0 0 0 0 0 0 0 0 0 0 0 1 
1 0 1 1 0 1 0 1 1 1 1 1 0 1 0 1 1 0 1 
1 0 0 0 0 1 0 0 0 1 0 0 0 1 0 0 0 0 1 
1 1 1 1 0 1 1 1 0 1 0 1 1 1 0 1 1 1 1 
0 0 0 1 0 1 0 0 0 0 0 0 0 1 0 1 0 0 0 
1 1 1 1 0 1 0 1 1 0 1 1 0 1 0 1 1 1 1 
0 0 0 0 0 0 0 1 0 0 0 1 0 0 0 0 0 0 0 
1 1 1 1 0 1 0 1 1 1 1 1 0 1 0 1 1 1 1 
0 0 0 1 0 1 0 0 0 0 0 0 0 1 0 1 0 0 0 
1 1 1 1 0 1 0 1 1 1 1 1 0 1 0 1 1 1 1 
1 0 0 0 0 0 0 0 0 1 0 0 0 0 0 0 0 0 1 
1 0 1 1 0 1 1 1 0 1 0 1 1 1 0 1 1 0 1 
1 0 0 1 0 0 0 0 0 0 0 0 0 0 0 1 0 0 1 
1 1 0 1 0 1 0 1 1 1 1 1 0 1 0 1 0 1 1 
1 0 0 0 0 1 0 0 0 1 0 0 0 1 0 0 0 0 1 
1 0 1 1 1 1 1 1 0 1 0 1 1 1 1 1 1 0 1 
1 0 0 0 0 0 0 0 0 0 0 0 0 0 0 0 0 0 1 
1 1 1 1 1 1 1 1 1 1 1 1 1 1 1 1 1 1 1 
