16 9 17 2 2 1 14 16 7 12 424 638 904 606 808 158 744 446 
0 35 0 0 0 0 0 0 0 0 0 2 
3 0 0 0 1 1 24 43 0 1650 
120 3 3 2 2 17 1 3 1 14 15 11 7 0 0 0 0 17 19 904 62 0
1 1 1 1 1 1 1 1 1 1 1 1 1 1 1 1 1 1 1 
1 0 0 0 0 0 0 0 0 1 3 3 3 3 3 3 3 3 1 
1 0 1 1 0 1 1 1 0 1 3 1 1 1 3 1 1 3 1 
1 0 0 0 3 3 3 3 3 3 3 0 0 0 3 0 0 3 1 
1 0 1 1 3 1 0 1 1 1 1 1 0 1 3 1 1 3 1 
1 0 0 0 3 1 0 0 0 1 0 0 0 1 3 3 3 3 1 
1 1 1 1 3 1 1 1 0 1 0 1 1 1 3 1 1 1 1 
0 0 0 1 3 1 0 0 0 0 0 0 0 1 3 1 0 0 0 
1 1 1 1 3 1 0 1 1 0 1 1 0 1 3 1 1 1 1 
3 3 3 3 3 3 3 1 0 0 0 1 3 3 3 3 3 3 3 
1 1 1 1 3 1 3 1 1 1 1 1 3 1 3 1 1 1 1 
0 0 0 1 3 1 3 0 0 0 0 0 3 1 3 1 0 0 0 
1 1 1 1 3 1 3 1 1 1 1 1 3 1 3 1 1 1 1 
1 3 3 3 3 3 3 3 3 1 0 0 3 3 3 3 3 3 1 
1 3 1 1 3 1 1 1 3 1 0 1 1 1 3 1 1 3 1 
1 3 3 1 3 3 3 3 3 3 3 3 3 3 3 1 3 3 1 
1 1 3 1 3 1 0 1 1 1 1 1 0 1 3 1 3 1 1 
1 3 3 3 3 1 0 0 0 1 0 0 0 1 3 3 3 0 1 
1 3 1 1 1 1 1 1 0 1 0 1 1 1 1 1 1 0 1 
1 3 3 3 3 3 3 3 3 3 3 3 3 3 3 3 3 3 1 
1 1 1 1 1 1 1 1 1 1 1 1 1 1 1 1 1 1 1 
1650
43
120
3
3